import numpy as np

cpp = np.sqrt(np.array([0.000000000, 2.29724932, 0.000516983913, 0.000248284894, 1.20255232, 2.39915252, 1.20224798, 3.63320160, 4.82652044,
 9.54619122, 11.9592924, 9.62440300, 14.3219242, 14.3086300, 14.3697834, 14.4036512, 14.4101505, 14.4489698, 14.3916998,
 11.6073084, 4.03289843, 9.86398792, 11.9804983, 11.7838116, 12.1215620, 11.4153099, 10.9296741, 11.5166063, 8.53757763,
 7.01039696, 7.63154507, 5.76879883, 12.1077023, 12.0944080, 12.1555605, 12.1894293, 12.1959286, 12.2347479, 12.1774778,
 9.39908791, 3.65208268, 7.83698368, 9.93703175, 9.75991535, 10.0899200, 11.7167006, 11.2796097, 11.8192720, 8.86158276,
 7.33462429, 5.58801222, 6.11687803, 14.2121677, 14.1988735, 14.2600269, 14.2938948, 14.3003950, 14.3392143, 14.2819433,
 11.5054731, 3.96812320, 9.78851509, 11.8917894, 11.7066565, 12.0483274, 11.3714666, 10.9122810, 11.4727535, 8.49399281,
 6.96662092, 7.54286814, 5.69869757, 14.3265972, 14.3133030, 14.3744555, 14.4083233, 14.4148226, 14.4536438, 14.3963728,
 11.6116314, 4.03523016, 9.86632919, 11.9880142, 11.7831020, 12.1283207, 11.4171629, 10.9522076, 11.5187092, 8.53951073,
 7.01237106, 7.63912487, 5.76595402, 15.6552544, 15.6419621, 15.7031136, 15.7369814, 15.7434816, 15.7823009, 15.7250299,
 12.9244413, 4.70135164, 11.6423950, 13.7854509, 13.5660124, 13.8948784, 13.1018047, 12.6751862, 13.2030725, 10.2232685,
 8.69647121, 9.43642616, 5.09030676, 16.9545860, 16.9412918, 17.0024452, 17.0363121, 17.0428123, 17.0816326, 17.0243607,
 14.2335148, 5.71379471, 13.8945036, 16.0000629, 15.8304987, 16.1288605, 15.2570114, 14.8224773, 15.3570147, 12.3770800,
 10.8498716, 9.30480194, 4.92045259, 15.5738297, 15.5605354, 15.6216888, 15.6555567, 15.6620550, 15.7008762, 15.6436052,
 12.8570805, 4.65413237, 11.5855293, 13.6939754, 13.5137234, 13.8310547, 13.1030741, 12.6764622, 13.2037210, 10.2248144,
 8.69759846, 9.34485054, 5.03285265, 13.2781334, 13.2648411, 13.3259926, 13.3598604, 13.3663597, 13.4051790, 13.3479090,
 10.5593109, 4.11563826, 10.8336325, 12.9511614, 12.7584410, 13.0841007, 12.3068800, 14.2192039, 12.4078093, 9.42830181,
 7.90116882, 8.60210800, 4.24922419, 12.0229034, 11.9726563, 12.0438890, 12.0602980, 12.0470324, 12.1019087, 12.0512619,
 10.4839659, 4.06333923, 9.16659641, 11.2803564, 11.1191769, 11.4356403, 10.7306690, 12.6374493, 10.8304472, 10.2329311,
 8.70562267, 9.36337948, 5.04697227, 4.79004860, 4.80069113, 4.81374931, 4.83851004, 4.83117533, 4.86874247, 4.83417034,
 5.81018591, 3.10990572, 5.44872236, 5.96153164, 5.81465721, 6.14932489, 7.79300261, 9.71498299, 7.97142220, 7.37578487,
 8.22925854, 6.50254488, 7.02774429, 2.42413855, 2.41263366, 2.42402267, 2.44244671, 2.43933463, 2.42277575, 2.41511822,
 0.853368402, 3.36120820, 6.10062981, 4.14152336, 6.42135525, 6.77581596, 8.45463181, 10.4189320, 8.45274830,
 7.99005556, 8.78349781, 4.66778088, 7.63660192, 7.14556694, 7.14432859, 7.19419861, 7.20896196, 7.21928835, 7.27654648,
 7.22588491, 8.19456482, 4.32383108, 7.88773727, 11.4189758, 8.88329792, 11.5481844, 13.2216587, 15.1652822, 13.4430962,
 12.7913828, 11.2736893, 7.10057783, 5.22243977, 0.000000000, 0.000812361483, 0.00197079009, 0.00132186606,
 0.00212866883, 0.00480478490, 0.00327650015, 0.976495147, 3.45061541, 3.22436094, 3.65091538, 3.61275053, 3.91790318,
 5.55515385, 7.43295860, 5.61743784, 7.44912100, 8.26153278, 6.55771303, 9.50541401, 0.000812361483, 0.000000000,
 0.00183144922, 0.000887982431, 0.00103096431, 0.00388840330, 0.00244591804, 0.968205690, 3.44193649, 3.21396470,
 3.60065389, 3.61112165, 3.91492844, 5.55446243, 7.43345785, 5.61506987, 7.48972893, 8.28922653, 6.53768253, 9.49086380,
 0.00197079009, 0.00183144922, 0.000000000, 0.000568819698, 0.00108183594, 0.000767987396, 0.000250687939, 0.972468138,
 3.47388816, 3.20363712, 3.61116600, 3.55758524, 3.90662575, 5.54649115, 7.42734289, 5.61088991, 7.53899050, 8.37661171,
 6.64523458, 9.54548931, 0.00132186606, 0.000887982431, 0.000568819698, 0.000000000, 0.000286061550, 0.00166379497,
 0.000878336024, 0.982815504, 14.4101505, 12.1959286, 14.3003950, 14.4148226, 15.7434816, 17.0428123, 15.6620550,
 13.3663597, 12.0470324, 4.83117533, 2.43933463, 7.21928835, 0.00212866883, 0.00103096431, 0.00108183594,
 0.000286061550, 0.000000000, 0.00176248595, 0.00102556089, 0.980430186, 3.49397373, 3.21778464, 3.58791208, 3.57577062,
 3.90404844, 5.54436827, 7.42463970, 5.60693359, 7.53431797, 8.37849522, 6.62617016, 9.58301926, 0.00480478490,
 0.00388840330, 0.000767987396, 0.00166379497, 0.00176248595, 0.000000000,
 0.000221628812, 0.970300615, 14.3916998, 12.1774778, 14.2819433, 14.3963728, 15.7250299, 17.0243607, 15.6436052,
 13.3479090, 12.0512619, 4.83417034, 2.41511822, 7.22588491, 0.00327650015, 0.00244591804, 0.000250687939,
 0.000878336024, 0.00102556089, 0.000221628812, 0.000000000, 0.966651499, 3.48479939, 3.20596051, 3.58389568,
 3.55134010, 3.90333843, 5.54435492, 7.42619133, 5.60829782, 7.56621456, 8.41463089, 6.65956116, 9.56457996,
 0.976495147, 0.968205690, 0.972468138, 0.982815504, 0.980430186, 0.970300615, 0.966651499, 0.000000000]).reshape((20,20)))


cpp2 = np.sqrt(np.array([0.000000000,
2.29721975,
0.000465297373,
0.000248183467,
1.20233619,
2.39911819,
1.20224428,
3.63318706,
3.63244677,
5.89826488,
10.7474518,
5.97847366,
10.6863670,
10.6845846,
10.7348518,
10.7494612,
10.7590981,
10.8166027,
10.7660322,
10.7560921,
2.29721975,
0.000000000,
2.24817467,
2.30395555,
3.64705658,
4.93531132,
3.56021643,
6.13343382,
6.07059336,
3.68789959,
8.54519272,
3.68338633,
8.48410702,
8.48232460,
8.53259087,
8.54720116,
8.55683804,
8.61434269,
8.56377220,
8.55383301,
0.000465297373,
2.24817467,
0.000000000,
0.000706861087,
1.20380652,
2.40175390,
1.20286596,
3.59438777,
3.59297991,
5.80815315,
10.6534719,
5.89813900,
10.5923882,
10.5906048,
10.6408720,
10.6554813,
10.6651192,
10.7226238,
10.6720524,
10.6621132,
0.000248183467,
2.30395555,
0.000706861087,
0.000000000,
1.20176101,
2.39858985,
1.20166159,
3.63710117,
3.63647628,
5.90993500,
10.7514229,
5.95744801,
10.6903391,
10.6885557,
10.7388229,
10.7534323,
10.7630692,
10.8205757,
10.7700043,
10.7600641,
1.20233619,
3.64705658,
1.20380652,
1.20176101,
0.000000000,
1.15417194,
0.00109875551,
2.35152650,
2.35233760,
7.19020176,
12.0481949,
7.27429104,
11.9871101,
11.9853277,
12.0355940,
12.0502033,
12.0598412,
12.1173458,
12.0667744,
12.0568352,
2.39911819,
4.93531132,
2.40175390,
2.39858985,
1.15417194,
0.000000000,
1.15740669,
3.50503945,
3.50700879,
8.47756481,
13.3671799,
6.21883297,
13.3060951,
13.3043118,
13.3545790,
13.3691883,
13.3788261,
13.4363308,
13.3857594,
13.3758192,
1.20224428,
3.56021643,
1.20286596,
1.20166159,
0.00109875551,
1.15740669,
0.000000000,
2.37280869,
2.37244678,
7.12491751,
11.9950895,
7.20158482,
11.9340048,
11.9322224,
11.9824896,
11.9970989,
12.0067348,
12.0642414,
12.0136700,
12.0037298,
3.63318706,
6.13343382,
3.59438777,
3.63710117,
2.35152650,
3.50503945,
2.37280869,
0.000000000,
0.000423571269,
4.83368874,
9.69523907,
7.22280693,
9.63415432,
9.63237190,
9.68263817,
9.69724751,
9.70688438,
9.76438904,
9.71381855,
9.70387936,
3.63244677,
6.07059336,
3.59297991,
3.63647628,
2.35233760,
3.50700879,
2.37244678,
0.000423571269,
0.000000000,
4.77085400,
9.63654232,
7.16411114,
9.57545757,
9.57367516,
9.62394238,
9.63855171,
9.64818764,
9.70569420,
9.65512276,
9.64518261,
5.89826488,
3.68789959,
5.80815315,
5.90993500,
7.19020176,
8.47756481,
7.12491751,
4.83368874,
4.77085400,
0.000000000,
4.83858728,
4.76929283,
4.78989029,
4.80038738,
4.81370068,
4.83839083,
4.83056831,
4.86830997,
4.83379412,
4.83047915,
10.7474518,
8.54519272,
10.6534719,
10.7514229,
12.0481949,
13.3671799,
11.9950895,
9.69523907,
9.63654232,
4.83858728,
0.000000000,
7.20661926,
0.000422547397,
0.000427932799,
0.000931179617,
9.76507145e-005,
0.000122675381,
0.00224897894,
0.00129125081,
0.00120230205,
5.97847366,
3.68338633,
5.89813900,
5.95744801,
7.27429104,
6.21883297,
7.20158482,
7.22280693,
7.16411114,
4.76929283,
7.20661926,
0.000000000,
7.14553452,
7.14375210,
7.19401932,
7.20862913,
7.21826506,
7.27577066,
7.22519970,
7.21525955,
10.6863670,
8.48410702,
10.5923882,
10.6903391,
11.9871101,
13.3060951,
11.9340048,
9.63415432,
9.57545757,
4.78989029,
0.000422547397,
7.14553452,
0.000000000,
4.03874874e-005,
0.00166484830,
0.000773286796,
0.000770260289,
0.00377471838,
0.00237098313,
0.00220825616,
10.6845846,
8.48232460,
10.5906048,
10.6885557,
11.9853277,
13.3043118,
11.9322224,
9.63237190,
9.57367516,
4.80038738,
0.000427932799,
7.14375210,
4.03874874e-005,
0.000000000,
0.00171787059,
0.000769704056,
0.000876649981,
0.00386087620,
0.00243998505,
0.00224918500,
10.7348518,
8.53259087,
10.6408720,
10.7388229,
12.0355940,
13.3545790,
11.9824896,
9.68263817,
9.62394238,
4.81370068,
0.000931179617,
7.19401932,
0.00166484830,
0.00171787059,
0.000000000,
0.000504468451,
0.000694094924,
0.000554371509,
8.68225980e-005,
5.01809554e-005,
10.7494612,
8.54720116,
10.6554813,
10.7534323,
12.0502033,
13.3691883,
11.9970989,
9.69724751,
9.63855171,
4.83839083,
9.76507145e-005,
7.20862913,
0.000773286796,
0.000769704056,
0.000504468451,
0.000000000,
9.16436766e-005,
0.00152457797,
0.000740454532,
0.000669954636,
10.7590981,
8.55683804,
10.6651192,
10.7630692,
12.0598412,
13.3788261,
12.0067348,
9.70688438,
9.64818764,
4.83056831,
0.000122675381,
7.21826506,
0.000770260289,
0.000876649981,
0.000694094924,
9.16436766e-005,
0.000000000,
0.00170738983,
0.000916762801,
0.000886457914,
10.8166027,
8.61434269,
10.7226238,
10.8205757,
12.1173458,
13.4363308,
12.0642414,
9.76438904,
9.70569420,
4.86830997,
0.00224897894,
7.27577066,
0.00377471838,
0.00386087620,
0.000554371509,
0.00152457797,
0.00170738983,
0.000000000,
0.000212440573,
0.000291283533,
10.7660322,
8.56377220,
10.6720524,
10.7700043,
12.0667744,
13.3857594,
12.0136700,
9.71381855,
9.65512276,
4.83379412,
0.00129125081,
7.22519970,
0.00237098313,
0.00243998505,
8.68225980e-005,
0.000740454532,
0.000916762801,
0.000212440573,
0.000000000,
1.03052771e-005,
10.7560921,
8.55383301,
10.6621132,
10.7600641,
12.0568352,
13.3758192,
12.0037298,
9.70387936,
9.64518261,
4.83047915,
0.00120230205,
7.21525955,
0.00220825616,
0.00224918500,
5.01809554e-005,
0.000669954636,
0.000886457914,
0.000291283533,
1.03052771e-005,
0.000000000
]).reshape((20,20)))